% 74560 ILX Lincoln Observations at 12Z 03 Sep 2019
% 
% -----------------------------------------------------------------------------
%    PRES   HGHT   TEMP   DWPT   RELH   MIXR   DRCT   SKNT   THTA   THTE   THTV
%     hPa     m      C      C      %    g/kg    deg   knot     K      K      K 
% -----------------------------------------------------------------------------
%  1000.0    130       
data = [
  994.0    178   18.4   17.8     96  13.07    185      6  292.1  329.2  294.3
  980.0    301   20.6   17.4     82  12.92    194     12  295.4  332.8  297.7
  964.0    445   21.8   15.8     69  11.84    204     19  298.1  332.7  300.2
  946.0    610   21.6   16.1     71  12.29    215     27  299.5  335.6  301.7
  925.0    807   21.4   16.4     73  12.84    230     25  301.2  339.2  303.5
  924.0    816   21.4   16.4     73  12.86    230     25  301.3  339.4  303.6
  913.6    914   20.8   16.4     76  13.04    230     24  301.7  340.4  304.0
  882.0   1219   19.1   16.6     85  13.64    260     25  302.9  343.5  305.4
  877.0   1268   18.8   16.6     87  13.74    261     25  303.1  344.1  305.6
  860.0   1437   18.0   15.0     83  12.62    263     26  304.0  341.8  306.3
  850.0   1537   17.8   13.5     76  11.57    265     26  304.8  339.6  306.9
  838.0   1659   17.4   11.4     68  10.20    265     27  305.6  336.5  307.5
  828.0   1762   17.6    6.6     48   7.43    265     28  306.9  329.7  308.2
  821.5   1829   17.2    4.8     44   6.62    265     28  307.2  327.7  308.4
  814.0   1907   16.8    2.8     39   5.78    257     30  307.5  325.6  308.6
  809.0   1960   16.6    4.6     45   6.61    252     31  307.8  328.4  309.1
  806.0   1991   16.8    3.8     42   6.27    249     32  308.4  327.9  309.6
  799.0   2066   17.8   -9.2     15   2.40    242     34  310.2  318.1  310.7
  792.6   2134   18.5  -10.3     13   2.22    235     36  311.7  319.1  312.1
  792.0   2141   18.6  -10.4     13   2.20    235     36  311.9  319.2  312.3
  767.0   2415   17.2   -6.8     19   3.01    249     36  313.2  323.1  313.8
  764.9   2438   17.0   -7.0     19   2.96    250     36  313.3  323.1  313.8
  737.9   2743   14.9   -9.9     17   2.44    260     37  314.2  322.4  314.6
  732.0   2811   14.4  -10.6     17   2.34    263     37  314.4  322.2  314.8
  711.6   3048   12.7   -7.6     23   3.04    275     36  315.1  325.1  315.6
  710.0   3067   12.6   -7.4     24   3.10    275     36  315.1  325.4  315.7
  702.0   3162   12.2  -14.8     14   1.74    275     34  315.7  321.7  316.0
  700.0   3186   12.0  -12.0     17   2.19    275     33  315.7  323.1  316.2
  692.0   3282   11.0   -5.0     32   3.83    276     33  315.7  328.2  316.4
  682.0   3404    9.8   -3.2     40   4.45    277     33  315.6  330.1  316.5
  661.3   3658    7.5   -3.7     45   4.42    280     33  315.9  330.3  316.8
  635.0   3992    4.6   -4.4     52   4.37    291     36  316.2  330.5  317.1
  613.9   4267    2.5   -5.7     55   4.10    300     39  316.9  330.3  317.7
  609.0   4332    2.0   -6.0     55   4.03    299     39  317.0  330.3  317.8
  601.0   4439    1.0   -3.9     70   4.79    297     40  317.1  332.7  318.0
  591.1   4572   -0.1   -4.6     72   4.64    295     40  317.2  332.4  318.1
  569.0   4877   -2.8   -6.1     78   4.29    300     34  317.6  331.7  318.4
  560.0   5004   -3.9   -6.7     81   4.16    300     34  317.8  331.4  318.6
  549.0   5161   -5.1   -7.5     83   3.99    300     34  318.1  331.3  318.9
  522.0   5556   -7.7  -13.7     62   2.56    300     33  319.6  328.3  320.1
  500.0   5890  -10.9  -14.4     75   2.52    300     33  319.7  328.3  320.2
  494.0   5982  -11.9  -14.8     79   2.47    302     32  319.6  328.0  320.1
  490.0   6044  -11.9  -17.9     61   1.92    304     32  320.3  327.0  320.7
  486.7   6096  -12.0  -20.2     51   1.59    305     31  320.8  326.4  321.1
  484.0   6138  -12.1  -22.1     43   1.35    302     30  321.2  326.0  321.5
  481.0   6186  -11.3  -35.3     12   0.40    299     29  322.8  324.3  322.8
  478.0   6234  -10.5  -51.5      2   0.07    296     28  324.3  324.6  324.3
  474.0   6298  -10.1  -55.1      1   0.05    292     27  325.6  325.8  325.6
  467.7   6401  -10.3  -44.5      4   0.16    285     25  326.6  327.2  326.6
  463.0   6478  -10.5  -36.5     10   0.37    289     26  327.3  328.7  327.4
  449.2   6706  -12.3  -37.9     10   0.33    300     30  327.9  329.2  328.0
  400.0   7580  -19.1  -43.1     10   0.21    290     31  330.1  330.9  330.1
  397.8   7620  -19.4  -43.2     10   0.21    290     31  330.2  331.0  330.2
  366.0   8230  -24.2  -45.4     12   0.18    285     31  331.7  332.5  331.8
  353.0   8495  -26.3  -46.3     13   0.17    286     32  332.4  333.1  332.4
  330.0   8979  -29.3  -54.3      7   0.07    289     33  334.7  335.0  334.7
  322.4   9144  -30.8  -53.8      9   0.08    290     34  334.9  335.3  334.9
  300.0   9650  -35.3  -52.3     16   0.10    290     35  335.5  335.9  335.5
  295.6   9754  -36.2  -52.3     17   0.10    290     36  335.7  336.1  335.7
  295.0   9767  -36.3  -52.3     18   0.10    290     36  335.7  336.1  335.7
  276.0  10228  -39.1  -64.1      5   0.02    294     34  338.1  338.2  338.1
  250.0  10900  -44.5  -64.5      9   0.03    300     31  339.8  339.9  339.8
  215.0  11887  -51.8  -70.5      9   0.01    310     32  343.4  343.5  343.4
  200.0  12360  -55.3  -73.3      9   0.01    295     32  345.0  345.1  345.0
  194.0  12553  -56.9  -73.9     10   0.01    295     30  345.5  345.5  345.5
  186.5  12802  -58.2  -75.2     10   0.01    295     28  347.3  347.3  347.3
  185.0  12853  -58.5  -75.5     10   0.01    295     29  347.6  347.7  347.6
  168.0  13457  -59.3  -78.3      7   0.01    295     35  356.0  356.0  356.0
  153.4  14021  -62.6  -83.4      5   0.00    295     41  359.8  359.8  359.8
  152.0  14079  -62.9  -83.9      4   0.00    293     40  360.2  360.2  360.2
  150.0  14160  -62.9  -83.9      4   0.00    290     39  361.5  361.5  361.5
  144.0  14411  -63.9  -83.9      5   0.00    274     37  364.0  364.0  364.0
  139.0  14628  -62.5  -85.5      3   0.00    260     36  370.2  370.2  370.2
  138.9  14630  -62.5  -85.5      3   0.00    260     36  370.2  370.2  370.2
  132.2  14935  -63.0  -87.4      2   0.00    275     44  374.5  374.6  374.5
  129.0  15088  -63.3  -88.3      2   0.00    280     42  376.7  376.7  376.7
  125.8  15240  -64.2  -89.2      2   0.00    285     40  377.8  377.8  377.8
  124.0  15330  -64.7  -89.7      2   0.00    289     37  378.5  378.5  378.5
  117.0  15684  -65.5  -90.5      2   0.00    303     26  383.3  383.3  383.3
  113.8  15850  -66.8  -91.0      2   0.00    310     20  383.9  383.9  383.9
  110.0  16056  -68.5  -91.5      2   0.00    315     23  384.5  384.5  384.5
  108.0  16166  -68.5  -91.5      2   0.00    308     24  386.5  386.5  386.5
  107.0  16222  -66.7  -90.7      2   0.00    305     24  391.0  391.0  391.0
  100.0  16630  -67.5  -90.5      3   0.00    280     27  397.1  397.1  397.1
];