% 72201 KEY Key West Observations at 12Z 03 Sep 2019
% 
% -----------------------------------------------------------------------------
%    PRES   HGHT   TEMP   DWPT   RELH   MIXR   DRCT   SKNT   THTA   THTE   THTV
%     hPa     m      C      C      %    g/kg    deg   knot     K      K      K 
% -----------------------------------------------------------------------------
data = [
 1008.0     13   27.4   25.2     88  20.52    315      7  299.9  360.3  303.5
 1000.0     82   27.0   24.7     87  20.06    300      9  300.1  359.2  303.7
  975.1    305   25.1   23.7     92  19.38    285     13  300.4  357.5  303.8
  962.0    424   24.0   23.2     95  19.02    293     15  300.5  356.5  303.9
  957.0    470   24.2   21.8     86  17.52    296     15  301.1  352.9  304.3
  941.8    610   23.4   21.1     87  17.09    305     17  301.6  352.2  304.7
  925.0    768   22.4   20.4     88  16.61    310     17  302.2  351.5  305.2
  922.0    796   22.2   20.4     90  16.66    308     17  302.3  351.7  305.3
  909.6    914   21.9   18.9     83  15.37    300     16  303.1  348.9  305.9
  889.0   1114   21.4   16.4     73  13.37    293     17  304.6  344.8  307.1
  878.3   1219   20.7   16.5     77  13.64    290     18  304.9  345.9  307.4
  860.0   1402   19.4   16.7     84  14.11    290     15  305.4  347.9  308.0
  850.0   1503   19.2   15.8     81  13.46    290     13  306.2  346.9  308.7
  836.0   1646   19.0   14.0     73  12.16    299     12  307.5  344.5  309.7
  818.4   1829   17.9   13.4     75  11.93    310     11  308.2  344.6  310.4
  805.0   1971   17.0   12.9     77  11.75    312     11  308.7  344.6  310.9
  789.7   2134   15.6   12.5     82  11.63    315     12  308.9  344.5  311.0
  767.0   2382   13.4   11.8     90  11.46    303     14  309.1  344.2  311.2
  761.9   2438   13.3   11.8     91  11.54    300     14  309.6  345.0  311.8
  755.0   2515   13.2   11.8     91  11.65    296     14  310.3  346.1  312.5
  747.0   2605   13.2   10.5     84  10.79    292     14  311.2  344.6  313.3
  734.8   2743   12.1   10.4     90  10.91    285     14  311.4  345.2  313.5
  730.0   2798   11.6   10.4     92  10.97    286     15  311.5  345.5  313.6
  713.0   2996   11.6    8.7     82  10.00    291     16  313.6  344.9  315.5
  700.0   3150   11.0    7.0     76   9.06    295     18  314.6  343.2  316.4
  699.0   3162   11.0    6.8     75   8.94    296     18  314.8  343.0  316.5
  691.0   3258   10.0    6.6     79   8.92    305     17  314.7  342.8  316.4
  684.0   3343   10.4    6.5     77   8.95    312     16  316.1  344.4  317.8
  670.0   3516    9.2    4.2     71   7.78    327     15  316.6  341.4  318.1
  658.6   3658    8.0    3.9     75   7.73    340     14  316.8  341.5  318.3
  643.0   3856    6.4    3.4     81   7.66    338     14  317.1  341.6  318.6
  611.4   4267    3.7    1.1     83   6.83    335     15  318.6  340.7  319.9
  580.0   4697    0.8   -1.3     86   6.04    328     19  320.1  339.8  321.2
  575.0   4766    0.6   -2.2     82   5.69    327     19  320.6  339.3  321.8
  569.0   4851    0.4   -6.6     59   4.12    325     20  321.4  335.1  322.2
  567.1   4877    0.2   -6.1     62   4.31    325     20  321.5  335.9  322.3
  563.0   4936   -0.1   -4.9     70   4.75    325     20  321.8  337.5  322.7
  558.0   5008   -0.5   -7.5     59   3.92    325     20  322.1  335.3  322.9
  549.0   5138   -1.7   -6.4     70   4.34    325     21  322.2  336.7  323.0
  540.0   5270   -1.7   -7.7     64   3.99    325     21  323.7  337.2  324.5
  535.0   5344   -2.3   -6.6     72   4.39    325     21  323.9  338.6  324.7
  521.0   5555   -2.9   -8.9     63   3.76    325     21  325.6  338.4  326.3
  504.0   5817   -4.7  -11.7     58   3.11    325     22  326.5  337.3  327.1
  500.0   5880   -5.1  -11.1     63   3.29    325     22  326.8  338.1  327.4
  497.0   5927   -5.5  -10.2     69   3.56    325     22  326.8  339.1  327.5
  490.0   6038   -5.9   -8.9     79   4.00    325     22  327.7  341.4  328.5
  486.4   6096   -6.1  -10.3     72   3.60    325     22  328.1  340.5  328.8
  484.0   6135   -6.3  -11.3     68   3.35    326     22  328.3  339.9  329.0
  480.0   6199   -6.7  -11.4     69   3.35    327     23  328.6  340.2  329.3
  477.0   6248   -6.5  -13.5     58   2.84    327     23  329.4  339.4  330.0
  470.0   6364   -6.9  -14.9     53   2.57    329     23  330.4  339.5  330.9
  459.0   6548   -8.5  -15.5     57   2.51    332     24  330.6  339.5  331.1
  449.6   6706   -9.4  -17.4     52   2.18    335     25  331.4  339.2  331.8
  431.0   7032  -11.3  -21.3     43   1.63    331     25  333.0  339.0  333.4
  429.0   7068  -11.3  -19.3     52   1.95    331     25  333.5  340.6  333.9
  426.0   7122  -11.5  -21.5     43   1.62    330     25  333.9  339.9  334.2
  419.0   7248  -12.7  -21.7     47   1.62    329     25  333.9  339.9  334.3
  416.0   7303  -12.9  -25.9     33   1.12    328     25  334.4  338.6  334.6
  407.0   7469  -14.1  -25.1     39   1.23    326     25  334.9  339.5  335.2
  403.0   7544  -14.3  -28.3     29   0.93    326     25  335.6  339.1  335.8
  400.0   7600  -14.7  -28.7     29   0.90    325     25  335.8  339.2  336.0
  398.9   7620  -14.8  -29.0     29   0.88    325     25  335.9  339.2  336.1
  383.1   7925  -16.7  -33.7     21   0.58    320     23  337.3  339.6  337.4
  367.0   8247  -18.7  -38.7     15   0.37    325     21  338.8  340.3  338.9
  358.0   8431  -20.1  -39.1     17   0.36    328     20  339.4  340.8  339.4
  357.0   8452  -20.3  -36.3     23   0.48    329     20  339.4  341.3  339.5
  356.0   8473  -20.3  -34.3     28   0.59    329     19  339.6  342.0  339.8
  355.0   8493  -20.5  -38.5     18   0.39    329     19  339.6  341.2  339.7
  353.0   8535  -20.5  -36.5     23   0.48    330     19  340.2  342.1  340.3
  349.0   8619  -20.7  -43.7     11   0.23    331     18  341.0  342.0  341.1
  333.0   8964  -23.7  -44.7     13   0.22    337     16  341.5  342.4  341.6
  324.9   9144  -24.6  -48.0     10   0.15    340     15  342.7  343.4  342.8
  313.0   9414  -25.9  -52.9      6   0.09    347     21  344.6  345.0  344.6
  300.0   9720  -28.3  -53.3      7   0.09    355     27  345.4  345.8  345.4
  298.6   9754  -28.6  -53.5      7   0.09      0     30  345.4  345.8  345.4
  273.7  10363  -33.9  -56.4      8   0.07    355     14  346.4  346.7  346.4
  251.0  10973  -39.3  -59.4     10   0.05    345     18  347.2  347.4  347.2
  250.0  11000  -39.5  -59.5     10   0.05    345     18  347.2  347.4  347.2
  241.0  11249  -41.7  -60.7     11   0.04    327     17  347.6  347.8  347.6
  239.9  11278  -41.8  -61.5     10   0.04    325     17  347.8  348.0  347.8
  236.0  11390  -42.3  -64.3      7   0.03    326     18  348.7  348.9  348.7
  208.9  12192  -49.5  -64.9     15   0.03    335     24  349.8  349.9  349.8
  200.0  12480  -52.1  -65.1     19   0.03    335     22  350.1  350.2  350.1
  199.0  12512  -52.5  -65.5     19   0.03    335     22  350.0  350.1  350.0
  192.0  12743  -54.3  -65.3     25   0.03    335     19  350.7  350.8  350.7
  187.0  12911  -55.5  -60.5     54   0.06    335     17  351.4  351.7  351.4
  183.0  13048  -56.5  -60.6     60   0.06    335     16  351.9  352.2  352.0
  181.3  13106  -57.0  -61.3     58   0.06    335     15  352.1  352.4  352.1
  164.4  13716  -62.0  -68.5     41   0.02     10     11  353.6  353.8  353.6
  161.0  13848  -63.1  -70.1     38   0.02     24     13  353.9  354.0  354.0
  156.0  14041  -64.3  -71.3     38   0.02     44     15  355.1  355.2  355.1
  150.0  14280  -65.3  -75.3     24   0.01     70     18  357.4  357.4  357.4
  148.9  14326  -65.3  -75.9     22   0.01     70     16  358.2  358.2  358.2
  148.0  14362  -65.3  -76.3     20   0.01     66     16  358.8  358.8  358.8
  142.0  14614  -66.1  -78.1     17   0.01     42     18  361.6  361.7  361.6
  141.6  14630  -66.2  -78.2     17   0.01     40     18  361.7  361.7  361.7
  134.6  14935  -68.9  -79.1     22   0.01     60     24  362.3  362.3  362.3
