% 72357 OUN Norman Observations at 12Z 03 Sep 2019
% 
% -----------------------------------------------------------------------------
%    PRES   HGHT   TEMP   DWPT   RELH   MIXR   DRCT   SKNT   THTA   THTE   THTV
%     hPa     m      C      C      %    g/kg    deg   knot     K      K      K 
% -----------------------------------------------------------------------------
%  1000.0    133
data = [
  976.0    345   20.6   20.3     98  15.62    155      2  295.8  340.9  298.6
  973.0    372   21.2   20.9     98  16.28    158      4  296.7  343.8  299.6
  963.0    462   24.8   19.9     74  15.44    168     10  301.2  346.8  304.0
  953.0    554   26.2   18.2     61  14.00    179     15  303.5  345.3  306.0
  946.9    610   25.9   18.2     62  14.05    185     19  303.8  345.8  306.4
  925.0    816   25.0   18.0     65  14.24    195     18  304.9  347.6  307.5
  914.7    914   24.5   16.8     62  13.35    200     17  305.3  345.5  307.8
  894.0   1115   23.4   14.4     57  11.67    207     16  306.2  341.5  308.3
  883.4   1219   22.4   14.2     59  11.62    210     16  306.3  341.5  308.4
  852.8   1524   19.7   13.5     67  11.50    205     17  306.4  341.3  308.6
  850.0   1553   19.4   13.4     68  11.49    210     16  306.4  341.3  308.6
  846.0   1594   19.0   12.0     64  10.52    214     16  306.4  338.4  308.4
  842.0   1634   19.2    9.2     52   8.74    217     15  307.1  333.9  308.7
  833.0   1727   18.4   11.4     64  10.26    226     14  307.2  338.5  309.1
  823.1   1829   17.8    9.4     58   9.10    235     13  307.6  335.5  309.3
  794.1   2134   16.1    3.6     43   6.29    230      7  308.9  328.6  310.1
  770.0   2397   14.6   -1.4     33   4.51    278      4  310.1  324.4  310.9
  766.3   2438   14.5   -2.8     30   4.09    285      3  310.4  323.6  311.2
  739.0   2743   14.1  -12.9     14   1.92    340      2  313.2  319.7  313.6
  731.0   2835   14.0  -16.0     11   1.51     19      2  314.0  319.2  314.3
  712.7   3048   12.1  -15.5     13   1.61    110      3  314.3  319.8  314.6
  700.0   3198   10.8  -15.2     15   1.68     90      4  314.4  320.2  314.7
  687.0   3353    9.7  -16.3     14   1.57     85      4  314.9  320.3  315.2
  669.0   3573    8.2  -17.8     14   1.42    107      8  315.6  320.5  315.9
  662.1   3658    8.0  -20.2     12   1.17    115      9  316.3  320.4  316.5
  629.0   4079    7.0  -32.0      4   0.42    108      6  319.8  321.4  319.9
  614.5   4267    5.8  -33.3      4   0.38    105      5  320.6  322.1  320.7
  591.7   4572    4.0  -35.4      4   0.32     80      6  321.9  323.2  322.0
  569.7   4877    2.1  -37.5      3   0.27     80      6  323.2  324.3  323.3
  528.3   5486   -1.7  -41.7      3   0.19    120      8  325.8  326.5  325.8
  528.0   5490   -1.7  -41.7      3   0.19    120      8  325.8  326.6  325.8
  500.0   5920   -5.3  -39.3      5   0.25    110     10  326.5  327.5  326.6
  488.6   6096   -6.6  -40.5      5   0.23    100      9  327.0  327.9  327.1
  400.5   7620  -18.2  -51.2      4   0.09     60     15  331.1  331.5  331.1
  400.0   7630  -18.3  -51.3      4   0.09     65     14  331.1  331.5  331.1
  338.4   8839  -27.8  -56.7      5   0.05     60     20  334.3  334.6  334.4
  324.4   9144  -30.2  -58.1      5   0.05     65     15  335.1  335.3  335.1
  301.0   9687  -34.5  -60.5      5   0.04     36     13  336.3  336.5  336.3
  300.0   9710  -34.5  -60.5      5   0.04     35     13  336.6  336.8  336.6
  285.2  10058  -36.0  -64.1      4   0.02     15     11  339.3  339.4  339.3
  272.9  10363  -37.4  -67.3      3   0.02    345      7  341.7  341.7  341.7
  272.0  10386  -37.5  -67.5      3   0.02    342      7  341.8  341.9  341.8
  261.0  10668  -39.4  -69.4      3   0.01    310      7  343.2  343.2  343.2
  250.0  10960  -41.3  -71.3      2   0.01    305      9  344.5  344.6  344.5
  217.4  11887  -47.3  -76.7      2   0.01    300     16  349.2  349.2  349.2
  204.0  12311  -50.1  -79.1      2   0.00    277     18  351.3  351.3  351.3
  200.0  12440  -50.9  -78.9      2   0.00    270     18  352.0  352.0  352.0
  198.2  12497  -51.3  -78.9      2   0.00    270     17  352.3  352.3  352.3
  171.5  13411  -57.7  -78.8      5   0.00    295     24  356.5  356.5  356.5
  150.0  14260  -63.7  -78.7     11   0.01    300     19  360.1  360.2  360.1
  134.2  14935  -68.0  -80.5     15   0.00    310     11  364.2  364.2  364.2
  127.5  15240  -69.9  -81.4     17   0.00    300     12  366.0  366.0  366.0
  125.0  15362  -70.7  -81.7     18   0.00    295     13  366.7  366.8  366.7
  115.1  15850  -71.5  -82.5     18   0.00    265     16  374.0  374.0  374.0
  115.0  15857  -71.5  -82.5     18   0.00    266     16  374.1  374.1  374.1
  109.4  16154  -70.4  -82.6     15   0.00    310     19  381.5  381.5  381.5
  104.0  16459  -69.3  -82.7     13   0.00    305     12  389.2  389.2  389.2
  101.0  16630  -68.7  -82.7     12   0.00    279     13  393.6  393.6  393.6
  100.0  16690  -69.1  -82.1     14   0.00    270     13  394.0  394.0  394.0
  ];