% 72274 TUS Tucson Observations at 12Z 03 Sep 2019
% 
% -----------------------------------------------------------------------------
%    PRES   HGHT   TEMP   DWPT   RELH   MIXR   DRCT   SKNT   THTA   THTE   THTV
%     hPa     m      C      C      %    g/kg    deg   knot     K      K      K 
% -----------------------------------------------------------------------------
%  1000.0     85
data = [
  929.0    751   26.4   17.4     58  13.64      0      0  305.9  347.1  308.4
  925.0    790   26.2   18.2     61  14.43     90      2  306.1  349.7  308.7
  919.0    847   25.8   17.8     61  14.16     81      3  306.2  349.0  308.9
  912.1    914   27.0   17.5     56  13.99     70      4  308.2  350.8  310.8
  910.0    934   27.4   17.4     54  13.93     61      4  308.8  351.3  311.3
  892.0   1111   27.2   14.2     45  11.54    340      5  310.3  345.9  312.5
  881.2   1219   26.4   13.7     45  11.30    290      6  310.6  345.5  312.7
  850.0   1536   24.2   12.2     47  10.61    300     10  311.5  344.4  313.5
  821.8   1829   21.9   12.0     53  10.83    345      9  312.1  345.8  314.1
  796.0   2107   19.8   11.8     60  11.04    354     11  312.7  347.1  314.8
  793.5   2134   19.7   11.4     59  10.79    355     11  312.9  346.5  314.9
  778.0   2304   19.0    9.0     52   9.34    355     13  313.9  343.2  315.6
  765.9   2438   18.1    9.6     58   9.89    355     15  314.3  345.4  316.2
  754.0   2572   17.2   10.2     63  10.47     10     12  314.7  347.6  316.7
  745.0   2675   17.2    7.2     52   8.62     22     10  315.8  343.2  317.5
  739.1   2743   16.8    6.6     51   8.32     30      8  316.1  342.6  317.7
  723.0   2930   15.8    4.8     48   7.51     46     10  317.0  341.1  318.4
  700.0   3204   13.6    3.6     51   7.13     70     12  317.5  340.4  318.9
  662.8   3658    9.3    2.6     63   7.00    105      9  317.7  340.3  319.1
  619.0   4225    4.0    1.3     83   6.84    105     14  317.9  339.9  319.2
  615.8   4267    3.8    0.2     77   6.36    105     14  318.1  338.7  319.4
  611.0   4331    3.6   -1.4     70   5.69    104     15  318.6  337.1  319.7
  598.0   4506    2.6   -3.4     65   5.00    101     17  319.4  335.8  320.4
  571.1   4877   -0.5   -6.5     64   4.14     95     22  320.0  333.8  320.8
  571.0   4879   -0.5   -6.5     64   4.14     95     22  320.0  333.8  320.8
  559.0   5049   -1.3  -10.3     50   3.14     87     18  321.0  331.6  321.6
  549.7   5182   -2.2  -11.7     48   2.85     80     15  321.5  331.2  322.1
  542.0   5295   -2.9  -12.9     46   2.63     89     15  321.9  330.9  322.4
  537.0   5368   -3.1  -19.1     28   1.58     95     14  322.6  328.1  322.9
  533.0   5427   -3.5  -20.5     26   1.41    100     14  322.8  327.8  323.0
  529.0   5486   -4.0  -19.9     28   1.50    105     14  322.9  328.2  323.2
  518.0   5653   -5.3  -18.3     35   1.76    127     12  323.2  329.4  323.6
  512.0   5744   -5.9  -19.9     32   1.55    139     11  323.6  329.1  323.9
  508.9   5791   -6.2  -17.1     42   1.97    145     10  323.8  330.7  324.1
  508.0   5806   -6.3  -16.3     45   2.12    145     10  323.8  331.2  324.2
  506.0   5836   -6.1  -26.1     19   0.90    145     10  324.4  327.8  324.6
  501.0   5914   -5.7  -33.7      9   0.45    145     10  325.8  327.6  325.9
  500.0   5930   -5.7  -34.7      8   0.40    145     10  326.0  327.6  326.1
  493.0   6040   -6.3  -40.3      5   0.23    148     13  326.6  327.5  326.6
  489.5   6096   -6.7  -35.2      8   0.39    150     14  326.8  328.3  326.9
  486.0   6152   -7.1  -30.1     14   0.65    149     14  327.0  329.4  327.1
  476.0   6313   -8.3  -42.3      5   0.20    146     13  327.4  328.2  327.5
  461.0   6560   -9.3  -49.3      2   0.09    141     13  329.2  329.6  329.2
  442.0   6884  -11.3  -47.3      3   0.12    134     12  330.6  331.2  330.7
  437.0   6971  -12.1  -36.1     12   0.40    132     12  330.7  332.3  330.8
  428.0   7129  -13.1  -45.1      5   0.16    129     11  331.4  332.1  331.4
  421.0   7255  -13.9  -36.9     12   0.39    126     11  331.9  333.5  332.0
  417.6   7315  -14.4  -37.8     12   0.36    125     11  332.0  333.5  332.1
  412.0   7418  -15.3  -39.3     11   0.31    130     11  332.2  333.4  332.3
  407.0   7510  -16.3  -29.3     32   0.84    135     10  332.1  335.2  332.2
  404.0   7565  -16.7  -30.7     29   0.74    137     10  332.2  335.1  332.4
  402.0   7603  -17.1  -28.1     38   0.95    139     10  332.2  335.8  332.4
  401.1   7620  -17.2  -27.7     40   0.98    140     10  332.3  336.0  332.5
  400.0   7640  -17.3  -27.3     41   1.02    140     10  332.4  336.3  332.6
  398.0   7677  -17.5  -27.5     41   1.01    137     10  332.6  336.4  332.8
  388.0   7867  -18.3  -38.3     16   0.36    124     11  334.0  335.5  334.1
  385.0   7925  -18.6  -35.6     21   0.48    120     11  334.4  336.2  334.5
  384.0   7944  -18.7  -34.7     23   0.53    121     11  334.5  336.5  334.6
  369.4   8230  -21.3  -36.5     24   0.46    135     11  334.8  336.6  334.8
  365.0   8319  -22.1  -37.1     24   0.44    128     11  334.8  336.6  334.9
  354.5   8534  -22.7  -43.4     13   0.23    110     11  336.9  337.8  336.9
  354.0   8543  -22.7  -43.7     13   0.23    110     11  337.0  337.9  337.0
  339.8   8839  -25.2  -45.1     14   0.20     95      8  337.5  338.3  337.5
  325.8   9144  -27.8  -46.5     15   0.18     75     11  338.0  338.8  338.1
  318.0   9318  -29.3  -47.3     16   0.17     61     14  338.3  339.0  338.3
  312.2   9449  -30.4  -46.2     20   0.19     50     16  338.5  339.3  338.5
  300.0   9730  -32.9  -43.9     32   0.26     50     19  338.9  340.0  338.9
  287.0  10040  -35.9  -43.9     44   0.27     50     22  338.9  340.1  339.0
  279.0  10236  -37.3  -45.3     43   0.24     50     25  339.6  340.7  339.7
  275.0  10336  -37.9  -47.9     34   0.18     50     26  340.2  341.0  340.2
  273.9  10363  -37.5  -52.9     19   0.10     50     26  341.2  341.6  341.2
  273.0  10386  -37.1  -57.1     11   0.06     50     25  342.1  342.3  342.1
  272.0  10412  -37.1  -62.1      6   0.03     51     25  342.4  342.6  342.4
  262.0  10668  -39.0  -61.3      8   0.04     55     18  343.4  343.5  343.4
  250.6  10973  -41.2  -60.4     11   0.04     35     18  344.5  344.7  344.5
  250.0  10990  -41.3  -60.3     11   0.05     35     19  344.5  344.7  344.5
  239.6  11278  -43.4  -61.5     12   0.04     55     18  345.6  345.8  345.6
  238.0  11322  -43.7  -61.7     12   0.04     54     18  345.8  346.0  345.8
  218.5  11887  -47.3  -66.8      9   0.02     40     11  348.7  348.8  348.7
  200.0  12470  -51.1  -72.1      6   0.01     50      7  351.7  351.7  351.7
  185.0  12974  -55.1  -75.1      7   0.01     46      6  353.1  353.2  353.1
  175.0  13328  -56.9  -75.9      7   0.01     43      6  355.8  355.9  355.8
  157.0  14009  -62.3  -79.3      9   0.00     37      5  357.9  357.9  357.9
  150.0  14290  -63.9  -79.9     10   0.00     35      5  359.8  359.8  359.8
  149.1  14326  -64.2  -80.1     10   0.00     75      3  360.0  360.0  360.0
  139.0  14753  -67.1  -82.1     10   0.00     78     11  362.1  362.1  362.1
  134.9  14935  -67.8  -82.0     12   0.00     80     15  364.1  364.1  364.1
  128.2  15240  -68.9  -81.9     14   0.00     45      4  367.4  367.4  367.4
  128.0  15248  -68.9  -81.9     14   0.00     47      4  367.5  367.5  367.5
  125.0  15391  -68.3  -82.3     12   0.00     74      7  371.1  371.1  371.1
  121.8  15545  -69.2  -83.0     12   0.00    105     10  372.2  372.2  372.2
  109.9  16154  -72.8  -85.9     12   0.00    155     20  376.5  376.5  376.5
  109.0  16203  -73.1  -86.1     12   0.00    146     19  376.8  376.9  376.8
  107.0  16311  -73.1  -86.1     12   0.00    127     16  378.8  378.9  378.8
  104.0  16478  -71.3  -84.3     13   0.00     97     11  385.4  385.4  385.4
  100.0  16710  -71.9  -84.9     13   0.00     55      5  388.6  388.6  388.6
];